142
0.001
0.0011 
0.0012 
0.0013 
0.0014 
0.0015 
0.0016 
0.0017 
0.0018 
0.002
0.00225 
0.0025 
0.00275 
0.003 
0.00325 
0.0035 
0.00375 
0.004 
0.0045 
0.005 
0.0055 
0.006 
0.0065 
0.007 
0.008 
0.009 
0.01 
0.011 
0.012 
0.013 
0.014 
0.015 
0.016 
0.017 
0.018 
0.02 
0.0225 
0.025 
0.0275 
0.03 
0.0325 
0.035 
0.0375 
0.04 
0.045 
0.05 
0.055 
0.06 
0.065 
0.07 
0.08 
0.09 
0.1 
0.11 
0.12 
0.13 
0.14 
0.15 
0.16 
0.17 
0.18 
0.2 
0.225 
0.25 
0.275 
0.3 
0.325 
0.35 
0.375 
0.4 
0.45 
0.5 
0.55 
0.6 
0.65 
0.7 
0.8 
0.9 
1.0 
1.1 
1.2 
1.3 
1.4 
1.5 
1.6 
1.7 
1.8 
2.0 
2.25 
2.5 
2.75 
3.0 
3.25 
3.5 
3.75 
4.0 
4.5 
5.0 
5.5 
6.0 
6.5 
7.0 
8.0 
9.0 
10.0 
11.0 
12.0 
13.0 
14.0 
15.0 
16.0 
17.0 
18.0 
20.0 
22.5 
25.0 
27.5 
30.0 
32.5 
35.0 
37.5 
40.0 
45.0 
50.0 
55.0 
60.0 
65.0 
70.0 
80.0 
90.0 
100.0 
110.0 
120.0 
130.0 
140.0 
150.0 
160.0 
170.0 
180.0 
200.0 
225.0 
250.0
H
973
995.600000000000
1018
1041
1064
1087
1109
1132
1154
1197
1249
1300
1350
1398
1445
1490
1534
1578
1661
1741
1817
1890
1961
2030
2161
2284
2402
2499
2581
2659
2735
2807
2874
2937
2997
3107
3229
3335
3427
3506
3575
3633
3682
3723
3783
3818
3833
3831
3816
3789
3710
3608
3493
3372
3249
3127
3009
2895
2786
2682
2585
2406
2207
2034
1884
1755
1643
1546
1460
1385
1260
1160
1078
1009
948.100000000000
895.200000000000
806.800000000000
735.700000000000
677.100000000000
628
586
549.800000000000
518.100000000000
490.200000000000
465.400000000000
443.200000000000
423.200000000000
388.500000000000
353
323.800000000000
299.500000000000
278.800000000000
261
245.500000000000
231.800000000000
219.700000000000
199.200000000000
182.500000000000
168.500000000000
156.700000000000
146.500000000000
137.700000000000
123
111.400000000000
101.900000000000
94.0700000000000
87.4000000000000
81.6900000000000
76.7300000000000
72.3900000000000
68.5500000000000
65.1300000000000
62.0600000000000
56.7900000000000
51.4300000000000
47.0700000000000
43.4600000000000
40.4100000000000
37.8000000000000
35.5400000000000
33.5600000000000
31.8200000000000
28.8700000000000
26.4900000000000
24.5100000000000
22.8500000000000
21.4300000000000
20.2000000000000
18.1800000000000
16.5900000000000
15.3000000000000
14.2400000000000
13.3500000000000
12.5800000000000
11.9300000000000
11.3500000000000
10.8500000000000
10.4100000000000
10.0100000000000
9.32800000000000
8.64500000000000
8.09600000000000
C
163.500000000000
169.300000000000
174.800000000000
180.200000000000
185.500000000000
190.500000000000
195.500000000000
200.300000000000
205
214
224.700000000000
235.100000000000
245.100000000000
254.400000000000
262.300000000000
269.400000000000
276.100000000000
282.600000000000
295.700000000000
308.600000000000
320.700000000000
332.300000000000
343.500000000000
354.100000000000
373
389.900000000000
405.500000000000
419.800000000000
433.100000000000
445.300000000000
456.800000000000
467.500000000000
477.600000000000
487.300000000000
496.600000000000
514
533.700000000000
551.200000000000
566.700000000000
580.600000000000
593.800000000000
606.500000000000
618.900000000000
630.700000000000
652.300000000000
670.600000000000
685.400000000000
697.100000000000
706.200000000000
713
720.800000000000
722.100000000000
718.600000000000
711.300000000000
701.200000000000
689.200000000000
676
661.900000000000
647.400000000000
632.700000000000
618.200000000000
589.800000000000
556.600000000000
526.500000000000
499.600000000000
475.400000000000
454.500000000000
436.200000000000
419.800000000000
404.800000000000
378.200000000000
354.900000000000
334.300000000000
316.100000000000
300.400000000000
286.400000000000
262.600000000000
242.900000000000
226.300000000000
212.100000000000
199.900000000000
189.200000000000
179.700000000000
171.200000000000
163.600000000000
156.700000000000
150.500000000000
139.500000000000
128.100000000000
118.600000000000
110.500000000000
103.600000000000
97.5400000000000
92.2300000000000
87.5100000000000
83.3000000000000
76.1000000000000
70.1400000000000
65.1200000000000
60.8400000000000
57.1300000000000
53.8800000000000
48.4700000000000
44.1400000000000
40.5700000000000
37.5800000000000
35.0400000000000
32.8500000000000
30.9400000000000
29.2600000000000
27.7700000000000
26.4400000000000
25.2500000000000
23.1800000000000
21.0700000000000
19.3400000000000
17.9100000000000
16.6900000000000
15.6400000000000
14.7400000000000
13.9400000000000
13.2400000000000
12.0500000000000
11.0800000000000
10.2700000000000
9.59500000000000
9.01300000000000
8.50900000000000
7.67800000000000
7.02100000000000
6.48800000000000
6.04700000000000
5.67600000000000
5.35800000000000
5.08400000000000
4.84500000000000
4.63400000000000
4.44700000000000
4.28100000000000
3.99500000000000
3.70700000000000
3.47500000000000
N
148.900000000000
154.200000000000
159.400000000000
164.400000000000
169.300000000000
173.900000000000
178.500000000000
182.900000000000
187.200000000000
195.600000000000
205.500000000000
214.900000000000
224
232.700000000000
241
249.100000000000
257
264.600000000000
279.100000000000
293
306.300000000000
318.900000000000
331.200000000000
342.900000000000
365.400000000000
386.500000000000
406.600000000000
423.800000000000
438.900000000000
453.300000000000
467.200000000000
480.600000000000
493.400000000000
505.500000000000
517.100000000000
538.900000000000
563.800000000000
586.400000000000
606.900000000000
625.600000000000
642.600000000000
658.100000000000
672.200000000000
685
707
724.900000000000
739.100000000000
750
758.200000000000
763.800000000000
768.900000000000
767.200000000000
760.600000000000
750.200000000000
737.300000000000
722.700000000000
707
690.600000000000
674
657.500000000000
641.100000000000
609.700000000000
573.500000000000
540.900000000000
512.100000000000
486.700000000000
464.100000000000
443.800000000000
425.600000000000
409.100000000000
380.400000000000
356.300000000000
335.600000000000
317.500000000000
301.400000000000
287.100000000000
262.800000000000
242.900000000000
226.100000000000
211.800000000000
199.500000000000
188.700000000000
179.100000000000
170.600000000000
162.900000000000
156.100000000000
149.800000000000
138.900000000000
127.400000000000
118
109.900000000000
103
97.0200000000000
91.7500000000000
87.0800000000000
82.9100000000000
75.7700000000000
69.8500000000000
64.8600000000000
60.6000000000000
56.9200000000000
53.6900000000000
48.3100000000000
43.9900000000000
40.4400000000000
37.4700000000000
34.9500000000000
32.7700000000000
30.8700000000000
29.2000000000000
27.7100000000000
26.3900000000000
25.1900000000000
23.1300000000000
21.0300000000000
19.3100000000000
17.8800000000000
16.6600000000000
15.6200000000000
14.7200000000000
13.9200000000000
13.2200000000000
12.0300000000000
11.0700000000000
10.2700000000000
9.58700000000000
9.00600000000000
8.50300000000000
7.67400000000000
7.01900000000000
6.48700000000000
6.04700000000000
5.67700000000000
5.36000000000000
5.08700000000000
4.84800000000000
4.63800000000000
4.45200000000000
4.28600000000000
4.00100000000000
3.71500000000000
3.48400000000000
O
119.500000000000
123.700000000000
127.700000000000
131.600000000000
135.400000000000
139
142.600000000000
146
149.400000000000
155.800000000000
163.600000000000
170.900000000000
178
184.700000000000
191.200000000000
197.600000000000
203.700000000000
209.600000000000
221
231.800000000000
242.100000000000
252
261.600000000000
270.800000000000
288.300000000000
304.900000000000
320.600000000000
334.100000000000
346.100000000000
357.500000000000
368.600000000000
379.300000000000
389.500000000000
399.200000000000
408.600000000000
426.200000000000
446.500000000000
465
482.100000000000
497.800000000000
512.200000000000
525.500000000000
537.800000000000
549.200000000000
569.300000000000
586.200000000000
600.400000000000
612.200000000000
621.800000000000
629.400000000000
639.600000000000
644.200000000000
644.400000000000
641.100000000000
635.200000000000
627.200000000000
617.800000000000
607.400000000000
596.300000000000
584.800000000000
573.100000000000
549.700000000000
521.400000000000
495.100000000000
471.400000000000
450.100000000000
430.900000000000
413.600000000000
397.800000000000
383.400000000000
358.100000000000
336.500000000000
317.800000000000
301.300000000000
286.600000000000
273.400000000000
250.700000000000
232.100000000000
216.300000000000
202.800000000000
191.100000000000
180.900000000000
171.800000000000
163.800000000000
156.500000000000
149.900000000000
143.900000000000
133.500000000000
122.600000000000
113.600000000000
105.900000000000
99.3400000000000
93.6100000000000
88.5700000000000
84.1000000000000
80.1100000000000
73.2600000000000
67.6000000000000
62.8400000000000
58.7500000000000
55.2100000000000
52.1100000000000
46.9300000000000
42.7600000000000
39.3400000000000
36.4700000000000
34.0300000000000
31.9200000000000
30.0800000000000
28.4600000000000
27.0200000000000
25.7400000000000
24.5800000000000
22.5800000000000
20.5400000000000
18.8700000000000
17.4800000000000
16.2900000000000
15.2800000000000
14.4000000000000
13.6300000000000
12.9400000000000
11.7800000000000
10.8400000000000
10.0600000000000
9.39600000000000
8.82900000000000
8.33800000000000
7.52800000000000
6.88700000000000
6.36700000000000
5.93600000000000
5.57300000000000
5.26400000000000
4.99600000000000
4.76300000000000
4.55700000000000
4.37400000000000
4.21200000000000
3.93300000000000
3.65200000000000
3.42600000000000
Na
66.34737384140061
69.58578784757982
72.6799176107106
75.64768280123583
78.50329557157569
81.25859938208033
83.92358393408857
86.50638516992792
89.01441812564366
93.82935118434604
99.5211122554068
104.90422245108135
110.02471678681772
114.91658084449023
119.60968074150361
124.12461380020598
128.48094747682802
132.69515962924822
140.74459320288364
148.35736354273945
155.59835221421213
162.5169927909372
169.15345005149334
175.53861997940265
187.65911431513902
199.0422245108136
209.8084449021627
218.88362512873329
227.3872296601442
235.46858908341918
243.173017507724
250.5386199794027
257.59526261585995
264.3707518022657
270.8887744593203
283.22142121524206
297.4778578784758
310.6179196704428
322.78269824922756
334.0823892893924
344.6035015447992
354.4170957775489
363.5818743563337
372.14830072090626
387.6498455200824
401.2018537590113
413.0226570545829
423.29248197734296
432.1637487126673
439.7641606591143
451.605561277034
459.600411946447
464.4016477857879
466.5612770339856
466.54891864057674
464.77136972193614
461.5746652935118
457.254376930999
452.0587023686921
446.1987641606591
439.84757981462417
426.2255406797117
408.50772399588055
390.97425334706486
374.19979402677654
358.4603501544799
343.85684860968075
330.38928939237906
318.0051493305871
306.6220391349125
286.5118434603501
269.3717816683831
254.61483007209063
241.77342945417095
230.48094747682802
220.45520082389288
203.37693099897015
189.29042224510812
177.40576725025747
167.1946446961895
158.29660144181256
150.4500514933059
143.46446961894955
137.1946446961895
131.52626158599384
126.37178166838311
121.65911431513904
113.33882595262617
104.1956745623069
97.08722966014419
90.59052523171987
85.00906282183317
80.1513903192585
75.9036045314109
72.32306900102986
68.89155509783728
63.07003089598352
58.268280123583935
54.1989701338826
50.389289392379
47.30072090628219
44.60041194644697
40.09577754891864
36.77033985581875
33.997219361483005
31.6394438722966
29.611225540679712
27.84799176107106
26.300926879505663
24.95736354273944
23.73244078269825
22.633676622039136
21.642327497425335
19.923377960865086
18.171575695159632
16.720391349124615
15.507415036045314
14.477445932028838
13.591967044284242
12.821112255406797
12.1437693099897
11.543357363542741
10.525849639546859
9.695283213182288
9.003779608650875
8.418630278063853
7.916714727085479
7.481204943357364
6.762306900102987
6.192780638516993
5.730020597322349
5.346343975283213
5.02292481977343
4.746529351184346
4.50752832131823
4.2987950566426365
4.11491246138002
3.95167868177137
3.8058084449021625
3.5561791967044285
3.304521112255407
3.101874356333677
Mg
93.6028735632184
98.17183908045978
102.53735632183907
106.72413793103448
110.7528735632184
114.63965517241378
118.39942528735634
122.04367816091955
125.5816091954023
132.37471264367815
140.4045977011494
147.99942528735633
155.22298850574714
162.12528735632185
168.74540229885056
175.11551724137928
181.26149425287355
187.2063218390805
198.56206896551723
209.3028735632184
219.51896551724138
229.27988505747126
238.6419540229885
247.6505747126437
264.7494252873563
280.8091954022988
295.99885057471266
308.6408045977011
320.4408045977012
331.6189655172414
342.23965517241385
352.35689655172416
362.0137931034483
371.2494252873563
380.09425287356316
396.7201149425288
415.72758620689655
433.0080459770115
448.7643678160919
463.1551724137931
476.3086206896552
488.3316091954023
499.3126436781609
509.32931034482755
526.7316091954024
540.9959770114943
552.4994252873563
561.5632183908046
568.4672413793104
573.4614942528736
578.5919540229885
578.5
574.4408045977011
567.45
558.3545977011495
547.8132183908046
536.3419540229885
524.3367816091954
512.0994252873563
499.85402298850573
487.7614942528736
464.46321839080457
437.5770114942529
413.4408045977011
391.96896551724143
372.9109195402299
355.9689655172414
340.85287356321834
327.3022988505747
315.09137931034485
293.95287356321836
276.2494252873563
261.14885057471264
248.06379310344826
236.5747126436781
226.37183908045978
208.9586206896552
194.5494252873563
182.3534482758621
171.85057471264366
162.68045977011496
154.58505747126438
147.37068965517238
140.8919540229885
135.03448275862067
129.7074712643678
124.83735632183907
116.24080459770114
106.87068965517243
99.19655172413793
92.73448275862069
87.0183908045977
82.38678160919541
77.92988505747125
74.00459770114942
70.49885057471265
64.52298850574714
59.7396551724138
55.55413793103449
51.99333333333333
48.89247126436781
46.23195402298851
41.38229885057471
37.67172413793104
34.6217816091954
32.12712643678161
30.105574712643676
28.34
26.785287356321838
25.405977011494254
24.17413793103448
23.06712643678161
22.096954022988502
20.35206896551724
18.55787356321839
17.098103448275864
15.8616091954023
14.81080459770115
13.906206896551724
13.118735632183908
12.431839080459772
11.818563218390802
10.778850574712646
9.929885057471264
9.222816091954023
8.624310344827586
8.110862068965517
7.665287356321839
6.929540229885058
6.346494252873563
5.8727011494252865
5.479787356321839
5.148540229885056
4.865408045977011
4.620563218390805
4.406706896551724
4.21828735632184
4.051022988505747
3.9015344827586205
3.6456839080459766
3.387718390804597
3.1799540229885057
P
62.61045454545454
65.66636363636364
68.58636363636364
71.38681818181817
74.08136363636362
76.68181818181819
79.19636363636364
81.63409090909089
84.00045454545453
88.54454545454544
93.91545454545454
98.99545454545454
103.82772727272726
108.44454545454545
112.87227272727273
117.1331818181818
121.24454545454545
125.22090909090907
132.81681818181818
140.0009090909091
146.8340909090909
153.36363636363637
159.6259090909091
165.6513636363636
177.08863636363634
187.83090909090907
197.99136363636362
206.55954545454546
214.59045454545452
222.22318181818179
229.5
236.45772727272725
243.12545454545452
249.52772727272725
255.6863636363636
267.3431818181818
280.8218181818182
293.24909090909085
304.75772727272727
315.45045454545453
325.40999999999997
334.70272727272726
343.3836363636363
351.49999999999994
366.1936363636363
379.0454545454545
390.2613636363636
400.0095454545454
408.4327272727272
415.65227272727265
426.9013636363636
434.4972727272727
439.05454545454546
441.09590909090906
441.07045454545454
439.36409090909086
436.3072727272727
432.18227272727273
427.2281818181818
421.6445454545454
415.5990909090909
402.6499999999999
385.83954545454543
369.2395454545454
353.39045454545453
338.54954545454547
324.80499999999995
312.15090909090907
300.53045454545446
289.86499999999995
271.0509090909091
255.0431818181818
241.27681818181816
229.30499999999998
218.78090909090906
209.43818181818182
193.5172727272727
180.37499999999997
169.2718181818182
159.72090909090906
151.38590909090908
144.0259090909091
137.46409090909088
131.56636363636363
126.2290909090909
121.3690909090909
116.92136363636362
109.05545454545454
100.53090909090909
93.86590909090908
87.62954545454546
82.58454545454545
77.92954545454545
73.77545454545454
70.28681818181818
66.98863636363636
61.49454545454545
56.8190909090909
52.94772727272727
49.72454545454545
46.77045454545455
44.19727272727272
39.898545454545456
36.525
33.664818181818184
31.285318181818177
29.230499999999992
27.45681818181818
25.908863636363638
24.545045454545452
23.19054545454545
22.120227272727274
21.126454545454543
19.40804545454545
17.69372727272727
16.322181818181818
15.16731818181818
14.193454545454545
13.33918181818182
12.593499999999999
11.936727272727271
11.353681818181816
10.368545454545453
9.557181818181817
8.88072727272727
8.309363636363635
7.817545454545454
7.390363636363636
6.684409090909091
6.124409090909091
5.668954545454546
5.2909999999999995
4.972227272727272
4.69959090909091
4.463763636363637
4.2577
4.0761
3.9148454545454543
3.7707
3.523913636363636
3.2749954545454543
3.074436363636363
S
64.50450000000001
67.65299999999999
70.661
73.54650000000001
76.3225
79.0015
81.5925
84.1035
86.542
91.22299999999998
96.75649999999999
101.9905
106.96849999999999
111.725
116.287
120.6765
124.91250000000001
129.00900000000001
136.8345
144.2365
151.2765
158.003
164.4545
170.6625
182.44599999999997
193.5135
203.981
212.7975
221.0575
228.90500000000003
236.38400000000001
243.5325
250.37949999999998
256.9515
263.27049999999997
275.2215
289.0225
301.7265
313.471
324.36100000000005
334.4815
343.902
352.67949999999996
360.8625
375.605
388.404
399.47650000000004
409.00100000000003
417.12850000000003
423.9915
434.3795
440.97299999999996
444.4465
445.37550000000005
444.2505
441.4895
437.447
432.421
426.6585
420.36499999999995
413.7065
399.808
382.26550000000003
365.32899999999995
349.42900000000003
334.728
321.244
308.9195
297.66200000000003
287.3685
269.269
253.89350000000002
240.6625
229.13250000000002
218.969
209.9185
194.4255
181.5605
170.63649999999998
161.1995
152.9345
145.6155
139.074
133.183
127.8415
122.9715
118.50899999999999
110.6045
101.75200000000001
94.6495
88.499
83.528
78.81700000000001
74.7365
71.291
67.9875
62.428
57.79
53.844
50.3995
47.506
44.894999999999996
40.623599999999996
37.11635
34.23195
31.876599999999996
29.79015
28.021250000000002
26.44515
25.0556
23.82045
22.714750000000002
21.718599999999995
19.97985
18.17785
16.7025
15.46885
14.47165
13.617700000000001
12.8613
12.19435
11.60175
10.59425
9.77365
9.084100000000001
8.499600000000001
7.9975
7.56165
6.841049999999999
6.2692000000000005
5.8039
5.417649999999999
5.091799999999999
4.81309
4.571935
4.361195
4.175445
4.010485
3.863015
3.6105
3.3557600000000005
3.150485
Cl
89.71259512543703
94.09128702754506
98.27496969676731
102.28801928721454
106.1491353143689
109.87501377419667
113.47834362363217
116.9708120598518
120.36210276051597
126.87253942759446
134.56872572819583
141.8478460495604
148.77134165684384
155.3866291785904
161.7314415656837
167.83683337062106
173.72751466743242
179.42485633095473
190.30897610135136
200.6033932942202
210.3945931686663
219.749693628474
228.72278970057403
237.35695705455916
253.74541277510824
269.13745145639166
283.6956920991208
295.7575474249765
306.99862758913156
317.6339770196312
327.7250369816311
337.32256330286873
346.4719690923722
355.2039749827196
363.5553121650366
379.2027995846036
397.00407048381663
413.08565379850603
427.64456228107383
440.8377382936024
452.7820538078558
463.5910415964043
473.34818163907926
482.13027551732534
497.0464783135708
508.8104770713888
517.8196364947758
524.4145549014435
528.9057778163641
531.5604411749974
532.3151001926717
528.3581491486711
521.0252677202953
511.37498205180435
500.2320743439308
488.21429644742597
475.7791186517649
463.2638000754659
450.89540626366977
438.83755797684597
427.193770389985
405.3654252637133
380.97257515702586
359.64844910893464
341.03909200495536
324.7474730610105
310.40127156705273
297.6822618399656
286.3246436239661
276.11170289141256
258.4436660400102
243.62062690125654
230.93300564658583
219.89227743402577
210.15450474667162
201.46958156494907
186.55938932725155
174.13523088892822
163.55865136422983
154.40690813529096
146.38481599342845
139.27900011019358
132.92951284422972
127.2131377453059
122.03370587665667
117.31474957675651
112.99382582069167
105.35039886734363
96.81640748915596
90.10862414975641
83.93511268127678
79.1249962434009
74.84948559636429
71.28188517829655
67.81913561489682
64.78013042912049
59.664811184981616
55.30749015771037
51.53118979006455
48.359952316235514
45.57906722809736
43.093367348642445
38.99149505965479
35.697375055514186
32.93231777155202
30.609971516630882
28.62251354880073
26.96607039699739
25.454181178269828
24.13863687210533
22.951885478824465
21.889085159597023
20.931269263005348
19.27268902371833
17.59661138065869
16.175014108116592
14.987594874997079
13.979824558474384
13.097207427714686
12.375907009980866
11.748571657545087
11.180573874773351
10.213808924343764
9.421316779809866
8.763561322723584
8.201173394596507
7.7179244873494435
7.29798679680639
6.604969396239394
6.053934745369365
5.605513685707893
5.2332263676525095
4.919107899543531
4.650435932454679
4.417927492628718
4.214737221719487
4.03568936097745
3.876643303402978
3.7344935937463477
3.491099364550393
3.2455914222651123
3.0478206716465257
Ar
93.5500000000000
97.6200000000000
101.500000000000
105.300000000000
108.800000000000
112.300000000000
115.700000000000
118.900000000000
122.100000000000
128.100000000000
135.300000000000
142.100000000000
148.500000000000
154.700000000000
160.600000000000
166.400000000000
171.900000000000
177.200000000000
187.400000000000
197.100000000000
206.300000000000
215.100000000000
223.500000000000
231.700000000000
247.200000000000
261.700000000000
275.500000000000
287.300000000000
297.600000000000
307.400000000000
317
326.100000000000
334.700000000000
342.900000000000
350.800000000000
365.500000000000
382.200000000000
397.200000000000
410.800000000000
423
434.100000000000
444
452.800000000000
460.800000000000
474.100000000000
484.300000000000
491.800000000000
497
500.200000000000
501.700000000000
500.300000000000
494.700000000000
486.200000000000
475.700000000000
464
451.800000000000
439.500000000000
427.200000000000
415.300000000000
403.800000000000
392.800000000000
372.400000000000
349.900000000000
330.400000000000
313.500000000000
298.800000000000
285.900000000000
274.500000000000
264.300000000000
255.100000000000
239.200000000000
225.800000000000
214.600000000000
204.800000000000
196.200000000000
188.500000000000
175
163.500000000000
153.400000000000
144.500000000000
136.700000000000
129.800000000000
123.700000000000
118.300000000000
113.400000000000
108.900000000000
104.900000000000
97.7800000000000
90.3200000000000
84.0600000000000
78.7200000000000
74.0900000000000
70.0400000000000
66.4700000000000
63.2800000000000
60.4300000000000
55.5000000000000
51.4100000000000
47.9300000000000
44.9500000000000
42.3600000000000
40.0800000000000
36.2600000000000
33.1700000000000
30.6100000000000
28.4600000000000
26.6300000000000
25.0400000000000
23.6500000000000
22.4200000000000
21.3300000000000
20.3500000000000
19.4600000000000
17.9300000000000
16.3600000000000
15.0700000000000
13.9900000000000
13.0700000000000
12.2700000000000
11.5900000000000
10.9800000000000
10.4400000000000
9.52900000000000
8.78300000000000
8.16200000000000
7.63600000000000
7.18400000000000
6.79200000000000
6.14500000000000
5.63100000000000
5.21300000000000
4.86700000000000
4.57400000000000
4.32400000000000
4.10800000000000
3.91900000000000
3.75300000000000
3.60500000000000
3.47300000000000
3.24600000000000
3.01800000000000
2.83400000000000
K
79.06171693735497
82.92053364269142
86.60777262180974
90.14419953596288
93.5469837587007
96.83039443155454
100.0060324825986
103.08375870069604
106.0723897911833
111.8100928074246
118.59280742459397
125.00696055684455
131.10904872389793
136.9385150812065
142.53016241299304
147.91067285382832
153.10208816705335
158.122969837587
167.71461716937355
176.78770301624132
185.41647331786544
193.66125290023203
201.56844547563807
209.17749419953594
223.62064965197214
237.18445475638052
250.01508120649652
260.68677494199534
270.64385150812063
280.07308584686774
289.0278422273782
297.554524361949
305.6902552204176
313.46519721577727
320.907192575406
334.8805104408353
350.8248259860789
365.2830626450116
378.4245939675174
390.38515081206504
401.2714617169373
411.17401392111367
420.16821345707655
428.3201856148492
442.32714617169376
453.5928074245939
462.453596287703
469.20069605568443
474.08816705336426
477.3480278422274
479.792343387471
477.961716937355
473.01740139211137
465.88283062645013
457.28422273781905
447.77378190255223
437.7679814385151
427.57308584686774
417.40719257540604
407.42227378190256
397.7180974477958
379.385150812065
358.7030162412993
340.461716937355
324.41299303944317
310.25522041763344
297.69953596287706
286.49187935034803
276.4187935034803
267.30394431554527
251.39907192575407
237.91299303944314
226.2610208816705
216.03712296983758
206.9559164733179
198.80394431554524
184.7006960556845
172.84570765661252
162.68445475638052
153.84338747099767
146.0603248259861
139.13921113689096
132.93503480278426
127.33526682134571
122.2494199535963
117.60556844547564
113.34628770301624
105.79489559164733
97.68201856148491
90.6578886310905
84.00568445475638
79.05266821345708
74.5259860788863
70.67830626450116
66.99767981438515
64.18712296983759
59.16334106728539
54.870069605568446
51.171577726218096
48.08677494199536
45.28642691415314
42.90359628770302
38.82563805104409
35.528190255220416
32.817285382830626
30.507308584686776
28.57482598607889
26.863921113689095
25.369953596287704
24.04767981438515
22.877146171693735
21.85394431554524
20.913573085846867
19.25800464037123
17.56032482598608
16.168793503480277
15.020881670533644
13.999187935034803
13.137006960556846
12.386774941995359
11.727726218097446
11.143816705336427
10.168236658932715
9.393248259860787
8.73816705336427
8.181577726218096
7.702645011600929
7.289141531322506
6.5985150812064965
6.049791183294663
5.60300464037123
5.232830626450116
4.919663573085847
4.651682134570766
4.419721577726219
4.216960556844548
4.038201856148492
3.8794199535962877
3.737447795823666
3.4943039443155453
3.2489907192575407
3.0512993039443153
Ca
82.65677419354839
86.69161290322582
90.54645161290323
94.2432258064516
97.80129032258066
101.23354838709677
104.55354838709677
107.7716129032258
110.89612903225807
116.89483870967743
123.9851612903226
130.69225806451612
137.07096774193548
143.1658064516129
149.01225806451615
154.63677419354838
160.06451612903226
165.31419354838707
175.34193548387097
184.8264516129032
193.84774193548387
202.46709677419355
210.73483870967743
218.68967741935487
233.7890322580645
247.97096774193545
261.38451612903225
272.5348387096774
282.9367741935484
292.78645161290325
302.13935483870966
311.04322580645163
319.53741935483873
327.65354838709675
335.42129032258066
350.0006451612903
366.6290322580645
381.69935483870967
395.38903225806445
407.8387096774194
419.1606451612903
429.45032258064515
438.78645161290314
447.2393548387097
461.73419354838705
473.3541935483871
482.4522580645161
489.33419354838713
494.2696774193549
497.5012903225807
499.70580645161294
497.45161290322585
491.9574193548387
484.1954838709677
474.9245161290322
464.72516129032255
454.0322580645161
443.1645161290322
432.34774193548395
421.7406451612903
411.4464516129032
392.0329032258064
370.18129032258065
350.9509677419354
334.0683870967742
319.2058064516129
306.04967741935485
294.32709677419354
283.8090322580645
274.3064516129032
257.76258064516134
243.77161290322582
231.70967741935482
221.14709677419356
211.77806451612904
203.38064516129032
188.87354838709678
176.7
166.27870967741933
157.21870967741935
149.24774193548387
142.16387096774193
135.81677419354838
130.08967741935484
124.88903225806452
120.14258064516129
115.78903225806451
108.07290322580646
99.59354838709677
92.4974193548387
86.69354838709677
81.17548387096774
76.38516129032259
72.33290322580646
68.73096774193549
65.47548387096774
60.142
55.77761290322581
52.241741935483866
49.01503225806452
46.3016129032258
43.80167741935484
39.67858064516129
36.33541935483871
33.5583870967742
31.23425806451613
29.218129032258062
27.51735483870968
25.988709677419354
24.638645161290324
23.435225806451616
22.361419354838706
21.388774193548386
19.72632258064516
17.994193548387095
16.56916129032258
15.377935483870967
14.366193548387097
13.506064516129035
12.707806451612901
12.033354838709675
11.43574193548387
10.422967741935484
9.604709677419354
8.94632258064516
8.378387096774194
7.889354838709678
7.4637419354838705
6.761483870967742
6.200083870967741
5.742735483870967
5.362787096774193
5.043851612903226
4.769309677419355
4.531632258064516
4.323845161290322
4.140625806451613
3.9778580645161288
3.832309677419355
3.5830129032258067
3.3314451612903224
3.128677419354838
