142
0.000999999 
0.0011 
0.0012 
0.0013 
0.0014 
0.0015 
0.0016 
0.0017 
0.0018 
0.002
0.00225 
0.0025 
0.00275 
0.003 
0.00325 
0.0035 
0.00375 
0.004 
0.0045 
0.005 
0.0055 
0.006 
0.0065 
0.007 
0.008 
0.009 
0.01 
0.011 
0.012 
0.013 
0.014 
0.015 
0.016 
0.017 
0.018 
0.02 
0.0225 
0.025 
0.0275 
0.03 
0.0325 
0.035 
0.0375 
0.04 
0.045 
0.05 
0.055 
0.06 
0.065 
0.07 
0.08 
0.09 
0.1 
0.11 
0.12 
0.13 
0.14 
0.15 
0.16 
0.17 
0.18 
0.2 
0.225 
0.25 
0.275 
0.3 
0.325 
0.35 
0.375 
0.4 
0.45 
0.5 
0.55 
0.6 
0.65 
0.7 
0.8 
0.9 
1.0 
1.1 
1.2 
1.3 
1.4 
1.5 
1.6 
1.7 
1.8 
2.0 
2.25 
2.5 
2.75 
3.0 
3.25 
3.5 
3.75 
4.0 
4.5 
5.0 
5.5 
6.0 
6.5 
7.0 
8.0 
9.0 
10.0 
11.0 
12.0 
13.0 
14.0 
15.0 
16.0 
17.0 
18.0 
20.0 
22.5 
25.0 
27.5 
30.0 
32.5 
35.0 
37.5 
40.0 
45.0 
50.0 
55.0 
60.0 
65.0 
70.0 
80.0 
90.0 
100.0 
110.0 
120.0 
130.0 
140.0 
150.0 
160.0 
170.0 
180.0 
200.0 
225.0 
250.0
H
746.5002149305059
779.12666571142
812.3752209007976
846.0906529111144
880.1177341548455
914.3000429861011
943.261928643072
972.0685867125186
1000.5647896069158
1056.000143287004
1119.7676362420596
1179.9995223766539
1237.6653770836317
1292.9980417442805
1345.990352008406
1396.8094760471893
1445.7300472847114
1493.0028179777428
1583.297511582366
1668.995080479534
1750.8955437741795
1828.9989014663038
1903.4006782251515
1974.9964178249036
2112.002674690739
2240.0057314801547
2360.999665663658
2461.5393800448965
2546.2339399149832
2625.220900797631
2702.691407556001
2776.997659645603
2846.3843912690454
2911.126235850408
2971.9993313273153
3084.0020060180545
3208.004967282801
3315.995605865214
3409.0008119596887
3490.005731480155
3559.1655920141375
3617.996847685915
3668.099536705354
3709.999044753307
3771.003486650428
3807.9954148158768
3823.004728471128
3822.001719444046
3807.0043463724505
3780.997755170273
3701.99885370397
3601.0053971438124
3486.996704398911
3366.8624922386207
3244.1610545923486
3122.414863638535
3003.940392606391
2890.003343363424
2781.3917944309114
2678.3923198165926
2580.9929789368107
2402.003629937431
2204.0048717581317
2030.997755170273
1882.0031523140856
1752.997086497588
1641.1974017289967
1544.0010507713619
1459.0437980608494
1383.997229784592
1258.0001910493386
1158.999617901323
1077.0000477623346
1006.9995701389884
947.0005253856807
894.2004585184123
805.8998423842958
734.8999379089651
676.3994364044514
627.2687108945886
585.4527869322252
549.3181926732578
517.6589291684578
489.70005253856806
464.8349811338779
442.69116874432825
422.82084348282945
388.1000143287004
352.6269284042604
323.5372785021732
299.2155036538186
278.553517695945
260.76443616563984
245.275111047428
231.65687538806895
219.58136313703014
199.09848593399246
182.35778764866026
168.40043941347852
156.5720972441133
146.41066055308784
137.58059893967618
122.97129483689164
111.36003247838754
101.8949706261642
94.02170798108612
87.36304150546879
81.65341261880882
76.70010030090272
72.3593399245355
68.52235277260353
65.10471891866074
62.04004871758133
56.76792281606725
51.41006352390505
47.0554520704972
43.442350862110146
40.39380044896595
37.78526054353537
35.5264603333811
33.55065195586761
31.806849118784925
28.8674356402541
26.483259301714668
24.50900320007642
22.846038114343028
21.42546687682094
20.197258441992645
18.179060992501313
16.588455843721643
15.301857954816834
14.238907197783826
13.345870946171848
12.584658738119119
11.92811768639251
11.355924917609974
10.852808425275827
10.406970912738215
10.009170368247599
9.32973921765296
8.646534842623108
8.097614271385586
C
138.4
144.452
150.616
156.864
163.168
169.5
174.85199999999998
180.17600000000002
185.444
195.7
207.52700000000002
218.79999999999998
229.6665
239.7
248.4715
256.2115
263.3205
270.2
284.104
297.8
310.6055
322.70000000000005
334.359
345.4
365.09999999999997
382.59999999999997
398.7
413.483
427.0825
439.673
451.404
462.40000000000003
472.7745
482.6305
492.081
509.90000000000003
530.0
547.7
563.4000000000001
577.6
591.0100000000001
603.9
616.36
628.3
650.1
668.6
683.5
695.3
704.5
711.4
719.4
720.9000000000001
717.4
710.1850000000001
700.23
688.3249999999999
675.125
661.1
646.645
632.01
617.4350000000001
589.0999999999999
556.0
526.0
499.09999999999997
475.0
454.096
435.79999999999995
419.36750000000006
404.4
377.9
354.6
334.0
315.9
300.2
286.2
262.4
242.7
226.1
211.88649999999998
199.70749999999998
189.05550000000002
179.58300000000003
171.1
163.46500000000003
156.58849999999998
150.3595
139.4
128.2215
119.3575
111.2135
104.187
98.064
92.682
87.91399999999999
83.66
76.517
70.4675
65.3885
61.153000000000006
57.3895
54.104
48.63425
44.261599999999994
40.673449999999995
37.670199999999994
35.11665
32.9168
31.000349999999997
29.314749999999997
27.81975
26.48405
25.28305
23.2093
21.09175
19.3627
17.92245
16.703
15.656350000000002
14.74755
13.95065
13.2458
12.05415
11.0843
10.27875
9.59845
9.016
8.51135
7.67995
7.022649999999999
6.48955
6.04815
5.676550000000001
5.3593
5.0851999999999995
4.846005
4.6354049999999996
4.448569999999999
4.281685
3.996245
3.7086799999999998
3.47721
N
126.50017164435292
132.05286646069345
137.70425677995195
143.42859594919327
149.20185375901136
155.0
159.89787161002405
164.77171301064197
169.59577754891865
179.00017164435292
189.85324407826982
200.10041194644697
209.85925163062137
219.20013731548232
228.15739787161004
236.76536216958468
245.06608307586683
253.09989701338827
268.4594919327154
283.0003432887058
296.8185719189839
310.0
322.63559903879167
334.80003432887065
357.89993134225887
379.6000686577412
400.1999656711295
417.8759011328528
433.2835564709921
447.8209749399245
462.0717473395125
475.7998626845177
488.7701682114659
501.0599038791625
512.826982492276
535.0
560.1999656711295
583.0998970133883
603.8002059732235
622.6999656711295
639.8746996223825
655.500343288706
669.7502574665295
682.6999656711295
704.9004462753176
722.8999313422588
737.3000343288705
748.4002746309648
756.5997253690354
762.3000343288705
767.5000000000002
765.9998283556471
759.4001029866118
749.1271884654996
736.3662890490901
721.8254376931
706.1251287332647
689.8000343288707
673.2809818056986
656.7816683831102
640.4943357363543
609.0997253690354
572.8999313422589
540.3999313422588
511.59972536903535
486.1997940267766
463.6105389632682
443.40027463096465
425.24373498111913
408.8002059732235
380.100411946447
355.99982835564714
335.3999313422589
317.1996223824236
301.1997940267766
286.7996910401648
262.600411946447
242.6999656711295
225.90027463096465
211.57483693786477
199.33745279780294
188.61826295914864
179.05595605904566
170.50034328870584
162.8407140405081
155.97665636800554
149.77171301064197
138.80020597322348
126.63920357020254
117.0176793683488
109.07826982492276
102.46052179883281
96.63748712667353
91.81342258839686
87.16786817713698
83.00369035358737
75.85221421215243
69.93065568142809
64.94352900789565
60.775231719876416
57.06273601098523
53.81754205286646
48.47433916924133
44.11757638173704
40.54196704428425
37.55089255063508
35.010985238585654
32.82389289392379
30.917868177136977
29.24098867147271
27.75326124270512
26.4238757294885
25.228201167181602
23.163147957432205
21.053724682457947
19.330844490216275
17.89538276690697
16.679711637487127
15.636199794026778
14.730003432887058
13.935290078956402
13.23232063165122
12.04368348781325
11.076124270511501
10.272485410230004
9.593717816683832
9.012530037761758
8.508976999656712
7.6793254376931
7.023429454170959
6.491434946790251
6.050995537246825
5.68019224167525
5.363628561620323
5.090164778578785
4.851536216958461
4.641460693443187
4.455115001716444
4.288688637143839
4.0040851355990394
3.7174733951253005
3.48688637143838
O
99.46001156581627
103.81071114749419
108.23951754023629
112.72690404127646
117.25334394784869
121.80006158421644
125.65808743456677
129.4973376091806
133.29678335123282
140.69965678064753
149.24258924078677
157.30035823989306
164.96684215664922
172.29987007232393
179.3279810140367
186.08121606296612
192.59412246246742
198.899745401837
210.96950079233355
222.4001321807572
233.25097070243555
243.60012316843287
253.5302025519899
263.0997889614047
281.300177993406
298.4003124272443
314.5000788578381
328.44965490308
340.7469714835037
352.36986579146986
363.73590885535975
374.70015245848697
385.1108891409002
395.0116784703081
404.4956477983643
422.40013218075717
443.0000525718921
461.89964776832323
479.0996687970799
494.9996620378368
509.62891754474254
523.1000893722165
535.5385990341794
547.000022530811
567.1996455152421
584.3996665439988
598.6999722119999
610.5999954938378
620.2003740114607
627.9997897124317
638.300125421514
643.0000525718921
643.2997123566478
640.1461498599336
634.2227996785604
626.3212443015824
617.0227786498036
606.6999121298376
595.6568106886167
584.1443173539816
572.439561099804
549.0998941051888
520.90033120292
494.6001156581626
470.8999556894053
449.69996470172964
430.55328161260525
413.200051069838
397.4630306944747
383.09963875599885
357.7997912144858
336.3001404420545
317.60031843546057
301.100254598163
286.2997649285398
273.20035148064983
250.49980848810753
231.89987307643202
216.09976643059386
202.5827819543225
190.95613251120906
180.7969898836659
171.78391450308297
163.6998595579455
156.38260320988954
149.7675571343813
143.7803696555039
133.3996740542692
122.50452493785255
113.37804447582069
104.4505861765965
97.9294184797711
91.98954570374988
86.77892017333706
82.61672837605425
78.87360966121172
72.60125721924733
67.10328874736201
62.43670719709202
58.4265232705725
54.94235867548874
51.885828870981065
46.83081614107292
42.68912738169447
39.27923935982456
36.45890755608295
34.013713753557994
31.90490495752942
30.066165481295677
28.44777733550631
27.012865093014696
25.729885618583413
24.57510645808143
22.57887661376933
20.53728473687768
18.867751650381898
17.47542264046083
16.295408971768893
15.281747790102965
14.400943289949007
13.628061373928848
12.944025955494139
11.786843508497869
10.844229483819122
10.060833189386486
9.398802862915037
8.83177745567063
8.340230264887234
7.530097408205721
6.889216002883944
6.369197377413613
5.9385059068275865
5.575797402948532
5.266066345727783
4.998437863778717
4.764845926804907
4.55917717478652
4.376700137437947
4.2137122515039325
3.9349460387079334
3.654137032391796
3.428175530037326
Na
66.34737384140061
69.58578784757982
72.6799176107106
75.64768280123583
78.50329557157569
81.25859938208033
83.92358393408857
86.50638516992792
89.01441812564366
93.82935118434604
99.5211122554068
104.90422245108135
110.02471678681772
114.91658084449023
119.60968074150361
124.12461380020598
128.48094747682802
132.69515962924822
140.74459320288364
148.35736354273945
155.59835221421213
162.5169927909372
169.15345005149334
175.53861997940265
187.65911431513902
199.0422245108136
209.8084449021627
218.88362512873329
227.3872296601442
235.46858908341918
243.173017507724
250.5386199794027
257.59526261585995
264.3707518022657
270.8887744593203
283.22142121524206
297.4778578784758
310.6179196704428
322.78269824922756
334.0823892893924
344.6035015447992
354.4170957775489
363.5818743563337
372.14830072090626
387.6498455200824
401.2018537590113
413.0226570545829
423.29248197734296
432.1637487126673
439.7641606591143
451.605561277034
459.600411946447
464.4016477857879
466.5612770339856
466.54891864057674
464.77136972193614
461.5746652935118
457.254376930999
452.0587023686921
446.1987641606591
439.84757981462417
426.2255406797117
408.50772399588055
390.97425334706486
374.19979402677654
358.4603501544799
343.85684860968075
330.38928939237906
318.0051493305871
306.6220391349125
286.5118434603501
269.3717816683831
254.61483007209063
241.77342945417095
230.48094747682802
220.45520082389288
203.37693099897015
189.29042224510812
177.40576725025747
167.1946446961895
158.29660144181256
150.4500514933059
143.46446961894955
137.1946446961895
131.52626158599384
126.37178166838311
121.65911431513904
113.33882595262617
104.1956745623069
97.08722966014419
90.59052523171987
85.00906282183317
80.1513903192585
75.9036045314109
72.32306900102986
68.89155509783728
63.07003089598352
58.268280123583935
54.1989701338826
50.389289392379
47.30072090628219
44.60041194644697
40.09577754891864
36.77033985581875
33.997219361483005
31.6394438722966
29.611225540679712
27.84799176107106
26.300926879505663
24.95736354273944
23.73244078269825
22.633676622039136
21.642327497425335
19.923377960865086
18.171575695159632
16.720391349124615
15.507415036045314
14.477445932028838
13.591967044284242
12.821112255406797
12.1437693099897
11.543357363542741
10.525849639546859
9.695283213182288
9.003779608650875
8.418630278063853
7.916714727085479
7.481204943357364
6.762306900102987
6.192780638516993
5.730020597322349
5.346343975283213
5.02292481977343
4.746529351184346
4.50752832131823
4.2987950566426365
4.11491246138002
3.95167868177137
3.8058084449021625
3.5561791967044285
3.304521112255407
3.101874356333677
Mg
93.6028735632184
98.17183908045978
102.53735632183907
106.72413793103448
110.7528735632184
114.63965517241378
118.39942528735634
122.04367816091955
125.5816091954023
132.37471264367815
140.4045977011494
147.99942528735633
155.22298850574714
162.12528735632185
168.74540229885056
175.11551724137928
181.26149425287355
187.2063218390805
198.56206896551723
209.3028735632184
219.51896551724138
229.27988505747126
238.6419540229885
247.6505747126437
264.7494252873563
280.8091954022988
295.99885057471266
308.6408045977011
320.4408045977012
331.6189655172414
342.23965517241385
352.35689655172416
362.0137931034483
371.2494252873563
380.09425287356316
396.7201149425288
415.72758620689655
433.0080459770115
448.7643678160919
463.1551724137931
476.3086206896552
488.3316091954023
499.3126436781609
509.32931034482755
526.7316091954024
540.9959770114943
552.4994252873563
561.5632183908046
568.4672413793104
573.4614942528736
578.5919540229885
578.5
574.4408045977011
567.45
558.3545977011495
547.8132183908046
536.3419540229885
524.3367816091954
512.0994252873563
499.85402298850573
487.7614942528736
464.46321839080457
437.5770114942529
413.4408045977011
391.96896551724143
372.9109195402299
355.9689655172414
340.85287356321834
327.3022988505747
315.09137931034485
293.95287356321836
276.2494252873563
261.14885057471264
248.06379310344826
236.5747126436781
226.37183908045978
208.9586206896552
194.5494252873563
182.3534482758621
171.85057471264366
162.68045977011496
154.58505747126438
147.37068965517238
140.8919540229885
135.03448275862067
129.7074712643678
124.83735632183907
116.24080459770114
106.87068965517243
99.19655172413793
92.73448275862069
87.0183908045977
82.38678160919541
77.92988505747125
74.00459770114942
70.49885057471265
64.52298850574714
59.7396551724138
55.55413793103449
51.99333333333333
48.89247126436781
46.23195402298851
41.38229885057471
37.67172413793104
34.6217816091954
32.12712643678161
30.105574712643676
28.34
26.785287356321838
25.405977011494254
24.17413793103448
23.06712643678161
22.096954022988502
20.35206896551724
18.55787356321839
17.098103448275864
15.8616091954023
14.81080459770115
13.906206896551724
13.118735632183908
12.431839080459772
11.818563218390802
10.778850574712646
9.929885057471264
9.222816091954023
8.624310344827586
8.110862068965517
7.665287356321839
6.929540229885058
6.346494252873563
5.8727011494252865
5.479787356321839
5.148540229885056
4.865408045977011
4.620563218390805
4.406706896551724
4.21828735632184
4.051022988505747
3.9015344827586205
3.6456839080459766
3.387718390804597
3.1799540229885057
P
62.61045454545454
65.66636363636364
68.58636363636364
71.38681818181817
74.08136363636362
76.68181818181819
79.19636363636364
81.63409090909089
84.00045454545453
88.54454545454544
93.91545454545454
98.99545454545454
103.82772727272726
108.44454545454545
112.87227272727273
117.1331818181818
121.24454545454545
125.22090909090907
132.81681818181818
140.0009090909091
146.8340909090909
153.36363636363637
159.6259090909091
165.6513636363636
177.08863636363634
187.83090909090907
197.99136363636362
206.55954545454546
214.59045454545452
222.22318181818179
229.5
236.45772727272725
243.12545454545452
249.52772727272725
255.6863636363636
267.3431818181818
280.8218181818182
293.24909090909085
304.75772727272727
315.45045454545453
325.40999999999997
334.70272727272726
343.3836363636363
351.49999999999994
366.1936363636363
379.0454545454545
390.2613636363636
400.0095454545454
408.4327272727272
415.65227272727265
426.9013636363636
434.4972727272727
439.05454545454546
441.09590909090906
441.07045454545454
439.36409090909086
436.3072727272727
432.18227272727273
427.2281818181818
421.6445454545454
415.5990909090909
402.6499999999999
385.83954545454543
369.2395454545454
353.39045454545453
338.54954545454547
324.80499999999995
312.15090909090907
300.53045454545446
289.86499999999995
271.0509090909091
255.0431818181818
241.27681818181816
229.30499999999998
218.78090909090906
209.43818181818182
193.5172727272727
180.37499999999997
169.2718181818182
159.72090909090906
151.38590909090908
144.0259090909091
137.46409090909088
131.56636363636363
126.2290909090909
121.3690909090909
116.92136363636362
109.05545454545454
100.53090909090909
93.86590909090908
87.62954545454546
82.58454545454545
77.92954545454545
73.77545454545454
70.28681818181818
66.98863636363636
61.49454545454545
56.8190909090909
52.94772727272727
49.72454545454545
46.77045454545455
44.19727272727272
39.898545454545456
36.525
33.664818181818184
31.285318181818177
29.230499999999992
27.45681818181818
25.908863636363638
24.545045454545452
23.19054545454545
22.120227272727274
21.126454545454543
19.40804545454545
17.69372727272727
16.322181818181818
15.16731818181818
14.193454545454545
13.33918181818182
12.593499999999999
11.936727272727271
11.353681818181816
10.368545454545453
9.557181818181817
8.88072727272727
8.309363636363635
7.817545454545454
7.390363636363636
6.684409090909091
6.124409090909091
5.668954545454546
5.2909999999999995
4.972227272727272
4.69959090909091
4.463763636363637
4.2577
4.0761
3.9148454545454543
3.7707
3.523913636363636
3.2749954545454543
3.074436363636363
S
64.50450000000001
67.65299999999999
70.661
73.54650000000001
76.3225
79.0015
81.5925
84.1035
86.542
91.22299999999998
96.75649999999999
101.9905
106.96849999999999
111.725
116.287
120.6765
124.91250000000001
129.00900000000001
136.8345
144.2365
151.2765
158.003
164.4545
170.6625
182.44599999999997
193.5135
203.981
212.7975
221.0575
228.90500000000003
236.38400000000001
243.5325
250.37949999999998
256.9515
263.27049999999997
275.2215
289.0225
301.7265
313.471
324.36100000000005
334.4815
343.902
352.67949999999996
360.8625
375.605
388.404
399.47650000000004
409.00100000000003
417.12850000000003
423.9915
434.3795
440.97299999999996
444.4465
445.37550000000005
444.2505
441.4895
437.447
432.421
426.6585
420.36499999999995
413.7065
399.808
382.26550000000003
365.32899999999995
349.42900000000003
334.728
321.244
308.9195
297.66200000000003
287.3685
269.269
253.89350000000002
240.6625
229.13250000000002
218.969
209.9185
194.4255
181.5605
170.63649999999998
161.1995
152.9345
145.6155
139.074
133.183
127.8415
122.9715
118.50899999999999
110.6045
101.75200000000001
94.6495
88.499
83.528
78.81700000000001
74.7365
71.291
67.9875
62.428
57.79
53.844
50.3995
47.506
44.894999999999996
40.623599999999996
37.11635
34.23195
31.876599999999996
29.79015
28.021250000000002
26.44515
25.0556
23.82045
22.714750000000002
21.718599999999995
19.97985
18.17785
16.7025
15.46885
14.47165
13.617700000000001
12.8613
12.19435
11.60175
10.59425
9.77365
9.084100000000001
8.499600000000001
7.9975
7.56165
6.841049999999999
6.2692000000000005
5.8039
5.417649999999999
5.091799999999999
4.81309
4.571935
4.361195
4.175445
4.010485
3.863015
3.6105
3.3557600000000005
3.150485
Cl
89.71259512543703
94.09128702754506
98.27496969676731
102.28801928721454
106.1491353143689
109.87501377419667
113.47834362363217
116.9708120598518
120.36210276051597
126.87253942759446
134.56872572819583
141.8478460495604
148.77134165684384
155.3866291785904
161.7314415656837
167.83683337062106
173.72751466743242
179.42485633095473
190.30897610135136
200.6033932942202
210.3945931686663
219.749693628474
228.72278970057403
237.35695705455916
253.74541277510824
269.13745145639166
283.6956920991208
295.7575474249765
306.99862758913156
317.6339770196312
327.7250369816311
337.32256330286873
346.4719690923722
355.2039749827196
363.5553121650366
379.2027995846036
397.00407048381663
413.08565379850603
427.64456228107383
440.8377382936024
452.7820538078558
463.5910415964043
473.34818163907926
482.13027551732534
497.0464783135708
508.8104770713888
517.8196364947758
524.4145549014435
528.9057778163641
531.5604411749974
532.3151001926717
528.3581491486711
521.0252677202953
511.37498205180435
500.2320743439308
488.21429644742597
475.7791186517649
463.2638000754659
450.89540626366977
438.83755797684597
427.193770389985
405.3654252637133
380.97257515702586
359.64844910893464
341.03909200495536
324.7474730610105
310.40127156705273
297.6822618399656
286.3246436239661
276.11170289141256
258.4436660400102
243.62062690125654
230.93300564658583
219.89227743402577
210.15450474667162
201.46958156494907
186.55938932725155
174.13523088892822
163.55865136422983
154.40690813529096
146.38481599342845
139.27900011019358
132.92951284422972
127.2131377453059
122.03370587665667
117.31474957675651
112.99382582069167
105.35039886734363
96.81640748915596
90.10862414975641
83.93511268127678
79.1249962434009
74.84948559636429
71.28188517829655
67.81913561489682
64.78013042912049
59.664811184981616
55.30749015771037
51.53118979006455
48.359952316235514
45.57906722809736
43.093367348642445
38.99149505965479
35.697375055514186
32.93231777155202
30.609971516630882
28.62251354880073
26.96607039699739
25.454181178269828
24.13863687210533
22.951885478824465
21.889085159597023
20.931269263005348
19.27268902371833
17.59661138065869
16.175014108116592
14.987594874997079
13.979824558474384
13.097207427714686
12.375907009980866
11.748571657545087
11.180573874773351
10.213808924343764
9.421316779809866
8.763561322723584
8.201173394596507
7.7179244873494435
7.29798679680639
6.604969396239394
6.053934745369365
5.605513685707893
5.2332263676525095
4.919107899543531
4.650435932454679
4.417927492628718
4.214737221719487
4.03568936097745
3.876643303402978
3.7344935937463477
3.491099364550393
3.2455914222651123
3.0478206716465257
Ar
86.08010782125258
89.85024157496044
93.68295016275474
97.56258987611388
101.47351700651622
105.40008784544014
108.72257086299118
112.02941017202065
115.30496206400686
121.70023044386015
129.10451802335726
136.10026413800156
142.74583185420062
149.10018591945897
155.2012322428866
161.07123302507205
166.73004374221574
172.19992659490615
182.6276616867528
192.50004512608228
201.92116774267308
210.90005475297983
219.45475658991222
227.70019434299434
243.49973826872284
258.2000108302597
272.1999265949062
284.24137038886647
294.72927359041165
304.59624189986823
314.23577475466453
323.4998586049422
332.23927653864894
340.5081798545135
348.41306610670216
363.2998598083044
380.1998784604184
395.3002689514504
408.99994584870126
421.3999915764647
432.5286851462987
442.4997442855338
451.4208699105301
459.3997629376478
472.7998026486002
483.09998134788594
490.6998152839032
496.0000240672439
499.19976414100995
500.69975511579355
499.5000030084055
494.0000361008658
485.5000872437591
475.130113537223
463.4719406020421
451.24036558143445
438.90650477433957
426.70020035980525
414.7851095962118
403.2731451675982
392.2623810927732
371.9002894086076
349.499702167857
330.1003002388674
313.20028158675336
298.50000902521646
285.6047797546345
274.19991456128423
264.04233428198387
254.89979001329712
238.99976534437218
225.59972563341978
214.4000336941414
204.69973104854967
196.0999031293434
188.40019013122668
174.9002713581747
163.3997388704039
153.2999199764141
144.3932346977455
136.56115185829205
129.68213187646282
123.6153813755633
118.20025150269853
113.30136401104684
108.86456760187967
104.82849080330443
97.72023032352392
89.6396531910157
83.08193091497644
77.54345641722973
72.9634599069801
68.75169222808528
65.49298740681463
62.39974488721489
59.742480490490436
54.948405845933536
51.01112508348326
47.57023122604557
44.676385821986635
42.08494533727234
39.866667468908126
36.07764092875494
33.03391676343704
30.536097857413612
28.37889062039338
26.54430478757649
24.95207610062515
23.56586302128146
22.370984530778998
21.273036865000815
20.297892311117263
19.411616055258392
17.87666740874002
16.302669659027323
14.988778647541231
13.89383938724797
12.964242092406185
12.164367242074354
11.468402717191834
10.865819098561381
10.345124277230582
9.466008026425833
8.735206166027881
8.12413884392994
7.605369402109495
7.16259228283825
6.774146966624749
6.131431218825399
5.62315509533637
5.207712348301153
4.862714424100938
4.571524840404089
4.322392765386491
4.106780344281924
3.9183338247062287
3.7522036570177075
3.604659418415052
3.472746854712066
3.2468637372819655
3.0189950722318155
2.83539208548685
K
79.06171693735497
82.92053364269142
86.60777262180974
90.14419953596288
93.5469837587007
96.83039443155454
100.0060324825986
103.08375870069604
106.0723897911833
111.8100928074246
118.59280742459397
125.00696055684455
131.10904872389793
136.9385150812065
142.53016241299304
147.91067285382832
153.10208816705335
158.122969837587
167.71461716937355
176.78770301624132
185.41647331786544
193.66125290023203
201.56844547563807
209.17749419953594
223.62064965197214
237.18445475638052
250.01508120649652
260.68677494199534
270.64385150812063
280.07308584686774
289.0278422273782
297.554524361949
305.6902552204176
313.46519721577727
320.907192575406
334.8805104408353
350.8248259860789
365.2830626450116
378.4245939675174
390.38515081206504
401.2714617169373
411.17401392111367
420.16821345707655
428.3201856148492
442.32714617169376
453.5928074245939
462.453596287703
469.20069605568443
474.08816705336426
477.3480278422274
479.792343387471
477.961716937355
473.01740139211137
465.88283062645013
457.28422273781905
447.77378190255223
437.7679814385151
427.57308584686774
417.40719257540604
407.42227378190256
397.7180974477958
379.385150812065
358.7030162412993
340.461716937355
324.41299303944317
310.25522041763344
297.69953596287706
286.49187935034803
276.4187935034803
267.30394431554527
251.39907192575407
237.91299303944314
226.2610208816705
216.03712296983758
206.9559164733179
198.80394431554524
184.7006960556845
172.84570765661252
162.68445475638052
153.84338747099767
146.0603248259861
139.13921113689096
132.93503480278426
127.33526682134571
122.2494199535963
117.60556844547564
113.34628770301624
105.79489559164733
97.68201856148491
90.6578886310905
84.00568445475638
79.05266821345708
74.5259860788863
70.67830626450116
66.99767981438515
64.18712296983759
59.16334106728539
54.870069605568446
51.171577726218096
48.08677494199536
45.28642691415314
42.90359628770302
38.82563805104409
35.528190255220416
32.817285382830626
30.507308584686776
28.57482598607889
26.863921113689095
25.369953596287704
24.04767981438515
22.877146171693735
21.85394431554524
20.913573085846867
19.25800464037123
17.56032482598608
16.168793503480277
15.020881670533644
13.999187935034803
13.137006960556846
12.386774941995359
11.727726218097446
11.143816705336427
10.168236658932715
9.393248259860787
8.73816705336427
8.181577726218096
7.702645011600929
7.289141531322506
6.5985150812064965
6.049791183294663
5.60300464037123
5.232830626450116
4.919663573085847
4.651682134570766
4.419721577726219
4.216960556844548
4.038201856148492
3.8794199535962877
3.737447795823666
3.4943039443155453
3.2489907192575407
3.0512993039443153
Ca
82.65677419354839
86.69161290322582
90.54645161290323
94.2432258064516
97.80129032258066
101.23354838709677
104.55354838709677
107.7716129032258
110.89612903225807
116.89483870967743
123.9851612903226
130.69225806451612
137.07096774193548
143.1658064516129
149.01225806451615
154.63677419354838
160.06451612903226
165.31419354838707
175.34193548387097
184.8264516129032
193.84774193548387
202.46709677419355
210.73483870967743
218.68967741935487
233.7890322580645
247.97096774193545
261.38451612903225
272.5348387096774
282.9367741935484
292.78645161290325
302.13935483870966
311.04322580645163
319.53741935483873
327.65354838709675
335.42129032258066
350.0006451612903
366.6290322580645
381.69935483870967
395.38903225806445
407.8387096774194
419.1606451612903
429.45032258064515
438.78645161290314
447.2393548387097
461.73419354838705
473.3541935483871
482.4522580645161
489.33419354838713
494.2696774193549
497.5012903225807
499.70580645161294
497.45161290322585
491.9574193548387
484.1954838709677
474.9245161290322
464.72516129032255
454.0322580645161
443.1645161290322
432.34774193548395
421.7406451612903
411.4464516129032
392.0329032258064
370.18129032258065
350.9509677419354
334.0683870967742
319.2058064516129
306.04967741935485
294.32709677419354
283.8090322580645
274.3064516129032
257.76258064516134
243.77161290322582
231.70967741935482
221.14709677419356
211.77806451612904
203.38064516129032
188.87354838709678
176.7
166.27870967741933
157.21870967741935
149.24774193548387
142.16387096774193
135.81677419354838
130.08967741935484
124.88903225806452
120.14258064516129
115.78903225806451
108.07290322580646
99.59354838709677
92.4974193548387
86.69354838709677
81.17548387096774
76.38516129032259
72.33290322580646
68.73096774193549
65.47548387096774
60.142
55.77761290322581
52.241741935483866
49.01503225806452
46.3016129032258
43.80167741935484
39.67858064516129
36.33541935483871
33.5583870967742
31.23425806451613
29.218129032258062
27.51735483870968
25.988709677419354
24.638645161290324
23.435225806451616
22.361419354838706
21.388774193548386
19.72632258064516
17.994193548387095
16.56916129032258
15.377935483870967
14.366193548387097
13.506064516129035
12.707806451612901
12.033354838709675
11.43574193548387
10.422967741935484
9.604709677419354
8.94632258064516
8.378387096774194
7.889354838709678
7.4637419354838705
6.761483870967742
6.200083870967741
5.742735483870967
5.362787096774193
5.043851612903226
4.769309677419355
4.531632258064516
4.323845161290322
4.140625806451613
3.9778580645161288
3.832309677419355
3.5830129032258067
3.3314451612903224
3.128677419354838
